   0             1.00
   1             0.76
   2             0.50
   3             0.33
   4             0.32
   5             0.35
   6             0.38
   7             0.40
   8             0.40
   9             0.38
  10             0.39
  11             0.41
  12             0.39
  13             0.37
  14             0.37
  15             0.39
  16             0.39
  17             0.38
  18             0.37
  19             0.37
  20             0.35
  21             0.35
  22             0.35
  23             0.35
  24             0.36
  25             0.38
  26             0.37
  27             0.34
  28             0.32
  29             0.33
  30             0.35
  31             0.34
  32             0.31
  33             0.31
  34             0.30
  35             0.31
  36             0.32
  37             0.32
  38             0.30
  39             0.30
  40             0.32
  41             0.35
  42             0.34
  43             0.31
  44             0.29
  45             0.28
  46             0.29
  47             0.31
  48             0.32
  49             0.31
  50             0.29
  51             0.29
  52             0.29
  53             0.28
  54             0.28
  55             0.28
  56             0.29
  57             0.29
  58             0.27
  59             0.26
  60             0.26
  61             0.27
  62             0.27
  63             0.26
  64             0.25
  65             0.25
  66             0.26
  67             0.27
  68             0.28
  69             0.26
  70             0.24
  71             0.24
  72             0.26
  73             0.26
  74             0.26
  75             0.25
  76             0.24
  77             0.24
  78             0.24
  79             0.25
  80             0.25
  81             0.25
  82             0.25
  83             0.25
  84             0.25
  85             0.25
  86             0.24
  87             0.23
  88             0.22
  89             0.22
  90             0.22
  91             0.22
  92             0.21
  93             0.21
  94             0.23
  95             0.23
  96             0.23
  97             0.23
  98             0.23
  99             0.22
 100             0.22
 101             0.22
 102             0.22
 103             0.23
 104             0.26
 105             0.27
 106             0.24
 107             0.22
 108             0.22
 109             0.22
 110             0.23
 111             0.23
 112             0.23
 113             0.22
 114             0.21
 115             0.22
 116             0.24
 117             0.25
 118             0.24
 119             0.24
 120             0.23
 121             0.23
 122             0.22
 123             0.23
 124             0.23
 125             0.22
 126             0.21
 127             0.20
 128             0.20
 129             0.22
 130             0.25
 131             0.27
 132             0.25
 133             0.22
 134             0.21
 135             0.21
 136             0.20
 137             0.19
 138             0.20
 139             0.21
 140             0.22
 141             0.23
 142             0.24
 143             0.23
 144             0.22
 145             0.22
 146             0.23
 147             0.23
 148             0.23
 149             0.23
 150             0.23
 151             0.24
 152             0.24
 153             0.23
 154             0.22
 155             0.22
 156             0.23
 157             0.24
 158             0.25
 159             0.24
 160             0.25
 161             0.26
 162             0.27
 163             0.27
 164             0.26
 165             0.23
 166             0.23
 167             0.22
 168             0.23
 169             0.23
 170             0.23
 171             0.24
 172             0.25
 173             0.25
 174             0.23
 175             0.22
 176             0.22
 177             0.24
 178             0.25
 179             0.26
 180             0.25
 181             0.24
 182             0.24
 183             0.24
 184             0.24
 185             0.24
 186             0.24
 187             0.25
 188             0.26
 189             0.26
 190             0.25
 191             0.24
 192             0.23
 193             0.23
 194             0.23
 195             0.21
 196             0.20
 197             0.19
 198             0.20
 199             0.21
 200             0.21
 201             0.22
 202             0.24
 203             0.25
 204             0.24
 205             0.22
 206             0.20
 207             0.19
 208             0.19
 209             0.20
 210             0.20
 211             0.19
 212             0.18
 213             0.18
 214             0.17
 215             0.15
 216             0.14
 217             0.13
 218             0.15
 219             0.16
 220             0.17
 221             0.17
 222             0.15
 223             0.15
 224             0.15
 225             0.14
 226             0.14
 227             0.15
 228             0.17
 229             0.17
 230             0.15
 231             0.13
 232             0.12
 233             0.12
 234             0.15
 235             0.17
 236             0.18
 237             0.15
 238             0.13
 239             0.13
 240             0.14
 241             0.14
 242             0.13
 243             0.13
 244             0.13
 245             0.13
 246             0.12
 247             0.11
 248             0.11
 249             0.13
 250             0.16
 251             0.16
 252             0.14
 253             0.12
 254             0.12
 255             0.12
 256             0.12
 257             0.11
 258             0.12
 259             0.12
 260             0.12
 261             0.12
 262             0.12
 263             0.12
 264             0.12
 265             0.13
 266             0.13
 267             0.13
 268             0.13
 269             0.13
 270             0.14
 271             0.14
 272             0.13
 273             0.12
 274             0.12
 275             0.14
 276             0.15
 277             0.15
 278             0.15
 279             0.13
 280             0.12
 281             0.11
 282             0.12
 283             0.14
 284             0.14
 285             0.14
 286             0.14
 287             0.14
 288             0.13
 289             0.12
 290             0.11
 291             0.12
 292             0.13
 293             0.14
 294             0.14
 295             0.13
 296             0.12
 297             0.12
 298             0.12
 299             0.12
 300             0.11
 301             0.12
 302             0.13
 303             0.13
 304             0.12
 305             0.12
 306             0.13
 307             0.14
 308             0.14
 309             0.12
 310             0.11
 311             0.10
 312             0.10
 313             0.10
 314             0.11
 315             0.12
 316             0.12
 317             0.12
 318             0.12
 319             0.11
 320             0.11
 321             0.09
 322             0.10
 323             0.11
 324             0.12
 325             0.11
 326             0.10
 327             0.08
 328             0.09
 329             0.09
 330             0.09
 331             0.09
 332             0.09
 333             0.08
 334             0.08
 335             0.07
 336             0.07
 337             0.07
 338             0.07
 339             0.08
 340             0.10
 341             0.10
 342             0.09
 343             0.07
 344             0.07
 345             0.07
 346             0.07
 347             0.06
 348             0.06
 349             0.07
 350             0.08
 351             0.08
 352             0.08
 353             0.08
 354             0.07
 355             0.07
 356             0.07
 357             0.08
 358             0.08
 359             0.09
 360             0.08
 361             0.07
 362             0.06
 363             0.05
 364             0.05
 365             0.06
 366             0.07
 367             0.09
 368             0.09
 369             0.07
 370             0.07
 371             0.06
 372             0.04
 373             0.03
 374             0.04
 375             0.06
 376             0.06
 377             0.05
 378             0.03
 379             0.03
 380             0.03
 381             0.04
 382             0.04
 383             0.03
 384             0.02
 385             0.03
 386             0.05
 387             0.06
 388             0.06
 389             0.05
 390             0.04
 391             0.03
 392             0.04
 393             0.03
 394             0.03
 395             0.03
 396             0.04
 397             0.05
 398             0.05
 399             0.05
 400             0.06
 401             0.06
 402             0.05
 403             0.05
 404             0.04
 405             0.04
 406             0.04
 407             0.05
 408             0.06
 409             0.06
 410             0.06
 411             0.06
 412             0.07
 413             0.07
 414             0.07
 415             0.06
 416             0.06
 417             0.05
 418             0.04
 419             0.04
 420             0.04
 421             0.05
 422             0.08
 423             0.09
 424             0.08
 425             0.08
 426             0.07
 427             0.06
 428             0.04
 429             0.03
 430             0.03
 431             0.03
 432             0.04
 433             0.04
 434             0.04
 435             0.03
 436             0.04
 437             0.05
 438             0.05
 439             0.04
 440             0.04
 441             0.03
 442             0.04
 443             0.04
 444             0.04
 445             0.04
 446             0.03
 447             0.04
 448             0.04
 449             0.02
 450             0.01
 451             0.01
 452             0.02
 453             0.03
 454             0.03
 455             0.04
 456             0.04
 457             0.04
 458             0.03
 459             0.02
 460             0.01
 461             0.02
 462             0.03
 463             0.04
 464             0.03
 465             0.02
 466             0.02
 467             0.03
 468             0.03
 469             0.03
 470             0.03
 471             0.04
 472             0.05
 473             0.05
 474             0.05
 475             0.04
 476             0.01
 477             0.00
 478             0.00
 479             0.02
 480             0.03
 481             0.03
 482             0.03
 483             0.02
 484             0.01
 485            -0.00
 486             0.00
 487             0.02
 488             0.03
 489             0.03
 490             0.02
 491            -0.00
 492            -0.00
 493             0.00
 494             0.01
 495             0.01
 496             0.01
 497             0.02
 498             0.02
 499             0.03
 500             0.02
